"""
此文档为程序说明文档：
源代码中，对类以及各方法都有简单注释；
此次大作业代码建立在上次代码作业上, 由于上次封装的还可以, LU分解直接调用上次代码, 未做任何修改
程序主入口为 Main.py 中的
matrix_reduction(matrix, mode)
传入一个矩阵, mode为具体的分解类型, 在注释中有具体说明,
"LU" 执行 PA=LU 分解
"QR" 执行 P=QR Gram-Schmidt分解
"H" 执行 P=QR Househoulder分解
"G" 执行 P=QR Givens分解

初始
A ：
[[1, 2, -3, 4],
 [4, 8, 12, -8],
 [2, 3, 2, 1],
 [-3, -1, 1, -4]]
得到结果


 LU fractorization :
P :
[[ 0.  1.  0.  0.]
 [ 0.  0.  0.  1.]
 [ 1.  0.  0.  0.]
 [ 0.  0.  1.  0.]]
L :
[[ 1.          0.          0.          0.        ]
 [-0.75        1.          0.          0.        ]
 [ 0.25        0.          1.          0.        ]
 [ 0.5        -0.2         0.33333333  1.        ]]
U :
[[  4.   8.  12.  -8.]
 [  0.   5.  10. -10.]
 [  0.   0.  -6.   6.]
 [  0.   0.   0.   1.]]


Gram-Schmidt :
Q :
[[ 0.18257419  0.14007078 -0.92527712 -0.30151134]
 [ 0.73029674  0.56028312  0.30751857 -0.24120908]
 [ 0.36514837  0.03295783 -0.21771226  0.90453403]
 [-0.54772256  0.81570631 -0.04354245  0.18090681]]
R :
[[ 5.47722558  7.85068999  8.39841255 -2.5560386 ]
 [ 0.          4.04557371  7.18480708 -7.15184925]
 [ 0.          0.          5.98708726 -6.20479952]
 [ 0.          0.          0.          0.90453403]]


Househoulder reduction :
Q :
[[ 0.18257419  0.14007078 -0.92527712  0.30151134]
 [ 0.73029674  0.56028312  0.30751857  0.24120908]
 [ 0.36514837  0.03295783 -0.21771226 -0.90453403]
 [-0.54772256  0.81570631 -0.04354245 -0.18090681]]
R :
[[  5.47722558e+00   7.85068999e+00   8.39841255e+00  -2.55603860e+00]
 [ -8.51762283e-17   4.04557371e+00   7.18480708e+00  -7.15184925e+00]
 [  5.62655646e-16  -2.28340402e-16   5.98708726e+00  -6.20479952e+00]
 [ -1.83347298e-16   4.03594096e-16   8.18794832e-16  -9.04534034e-01]]


Givens reduction :
Q :
[[ 0.18257419  0.14007078 -0.92527712 -0.30151134]
 [ 0.73029674  0.56028312  0.30751857 -0.24120908]
 [ 0.36514837  0.03295783 -0.21771226  0.90453403]
 [-0.54772256  0.81570631 -0.04354245  0.18090681]]
R :
[[  5.47722558e+00   7.85068999e+00   8.39841255e+00  -2.55603860e+00]
 [ -4.32967225e-16   4.04557371e+00   7.18480708e+00  -7.15184925e+00]
 [  2.31118170e-17  -4.72064511e-18   5.98708726e+00  -6.20479952e+00]
 [ -9.60231854e-17   1.96129703e-17   6.75359365e-17   9.04534034e-01]]

"""
